56.311993 44.003473
56.31197 44.003462
56.311948 44.003442
56.311882 44.003322
56.311842 44.003247
56.311812 44.003162
56.311785 44.00303
56.311758 44.002902
56.311718 44.002773
56.311658 44.002655
56.311612 44.002518
56.311568 44.00238
56.311518 44.002242
56.31147 44.002097
56.311435 44.001908
56.311378 44.00176
56.311325 44.001615
56.311273 44.001475
56.311222 44.00134
56.31117 44.001207
56.311127 44.001072
56.311092 44.000952
56.31107 44.000843
56.311048 44.000738
56.311013 44.000632
56.310958 44.00052
56.310928 44.000418
56.310907 44.000333
56.31088 44.000268
56.310867 44.000223
56.31086 44.000207
56.31086 44.000207
56.31086 44.000207
56.31086 44.000207
56.31086 44.000207
56.310873 44.00021
56.310868 44.000203
56.310855 44.000178
56.310842 44.000127
56.310818 44.000052
56.310798 43.999955
56.31076 43.999872
56.31073 43.999772
56.310697 43.999663
56.31066 43.999537
56.310623 43.999403
56.310582 43.999265
56.310537 43.999123
56.310482 43.998995
56.310437 43.99884
56.310388 43.998678
56.310337 43.99851
56.310288 43.998337
56.310238 43.998167
56.310192 43.997982
56.310147 43.997782
56.310098 43.997563
56.31005 43.997345
56.310005 43.997122
56.309963 43.99689
56.309915 43.996653
56.309868 43.996417
56.309822 43.996183
56.309778 43.995953
56.309735 43.995717
56.309688 43.995478
56.309642 43.995242
56.309595 43.995
56.309545 43.994755
56.309497 43.994518
56.30945 43.994288
56.309408 43.99406
56.309362 43.993847
56.309317 43.99364
56.309275 43.993437
56.309235 43.993242
56.309195 43.993052
56.309152 43.99287
56.309113 43.992695
56.309077 43.992527
56.309042 43.992365
56.309012 43.992232
56.308987 43.99212
56.308968 43.992037
56.308903 43.992007
56.308893 43.99196
56.308893 43.99196
56.308893 43.991958
56.308893 43.991958
56.308893 43.991958
56.308893 43.99196
56.308893 43.99196
56.308893 43.991958
56.308893 43.991958
56.308893 43.991958
56.308893 43.991958
56.308893 43.991958
56.308893 43.991958
56.308893 43.991958
56.308893 43.991958
56.308893 43.991958
56.308893 43.991958
56.308893 43.991958
56.308893 43.991958
56.308893 43.991962
56.308893 43.991958
56.308893 43.991963
56.308893 43.991958
56.308893 43.991958
56.308893 43.991958
56.308893 43.991958
56.308893 43.991962
56.308893 43.99196
56.308893 43.99196
56.308893 43.99196
56.308893 43.99196
56.308893 43.99196
56.308893 43.99196
56.308893 43.99196
56.308893 43.991958
56.308893 43.991958
56.308868 43.99185
56.308852 43.991773
56.308832 43.991685
56.308808 43.991573
56.308787 43.991483
56.308752 43.991323
56.308687 43.991037
56.308698 43.990778
56.308733 43.99068
56.308758 43.990612
56.308785 43.990538
56.308815 43.990455
56.308855 43.990347
56.308895 43.99024
56.308945 43.9901
56.308997 43.989958
56.309053 43.989805
56.309108 43.989653
56.309168 43.98949
56.309235 43.98931
56.309288 43.989162
56.309365 43.988953
56.30944 43.988748
56.309513 43.988545
56.309573 43.98838
56.309695 43.988052
56.30974 43.987925
56.309785 43.987802
56.309828 43.987685
56.309863 43.987588
56.309893 43.987507
56.309932 43.987398
56.309973 43.987287
56.310012 43.987178
56.310055 43.98706
56.310102 43.986928
56.310153 43.986773
56.310195 43.986617
56.310218 43.986502
56.310258 43.98632
56.309888 43.985798
56.30983 43.985588
56.309772 43.98545
56.309685 43.985302
56.30959 43.985177
56.309477 43.985092
56.309352 43.985033
56.309083 43.984957
56.308953 43.984922
56.30883 43.984885
56.308717 43.984847
56.3086 43.984807
56.3085 43.984762
56.308403 43.984727
56.308313 43.984695
56.308225 43.984668
56.308132 43.984672
56.308027 43.984668
56.307922 43.984667
56.307815 43.984665
56.307707 43.984662
56.307595 43.984658
56.307488 43.984642
56.307412 43.984617
56.307287 43.984593
56.307197 43.98459
56.307097 43.984367
56.307075 43.984348
56.306975 43.98425
56.306875 43.984095
56.306805 43.983973
56.306752 43.983853
56.306678 43.983682
56.306537 43.983322
56.306465 43.983132
56.306317 43.982733
56.306235 43.982537
56.306155 43.98234
56.306078 43.982145
56.306003 43.981952
56.305923 43.98175
56.305835 43.98156
56.305757 43.981372
56.305682 43.981178
56.305617 43.981003
56.305553 43.980817
56.305502 43.980645
56.305455 43.980485
56.305427 43.980305
56.30537 43.980165
56.305308 43.980013
56.305238 43.979843
56.30517 43.979678
56.305088 43.979478
56.305003 43.979272
56.304987 43.978955
56.304808 43.978495
56.30472 43.978258
56.30463 43.978022
56.304542 43.977783
56.304455 43.97754
56.304368 43.977302
56.304282 43.977067
56.304197 43.976833
56.304113 43.9766
56.304037 43.976367
56.303905 43.975892
56.303857 43.975647
56.303838 43.9754
56.303842 43.975155
56.30376 43.974858
56.303798 43.974608
56.303842 43.974365
56.303897 43.974118
56.303945 43.973887
56.303975 43.973675
56.303995 43.973475
56.303985 43.973023
56.303952 43.972788
56.303912 43.972603
56.30385 43.972407
56.303782 43.972233
56.3037 43.972072
56.303603 43.971915
56.30348 43.971763
56.303353 43.971608
56.30323 43.971457
56.303103 43.971303
56.302987 43.971172
56.302865 43.971068
56.302738 43.970988
56.302597 43.97093
56.302437 43.97087
56.302288 43.970823
56.302132 43.970792
56.301965 43.97076
56.301808 43.970732
56.301648 43.970705
56.301483 43.970678
56.301352 43.970658
56.301205 43.97069
56.301073 43.970748
56.300942 43.970833
56.300825 43.970947
56.300722 43.971087
56.300635 43.97125
56.300557 43.971455
56.300478 43.971682
56.300408 43.971897
56.300332 43.97214
56.300255 43.972377
56.300183 43.9726
56.300115 43.972817
56.300045 43.973025
56.299957 43.973227
56.299843 43.973398
56.299707 43.973518
56.299585 43.973607
56.299435 43.973665
56.299298 43.973675
56.29915 43.973632
56.299018 43.97355
56.298895 43.973437
56.298783 43.973282
56.2987 43.973123
56.298613 43.97289
56.298565 43.972698
56.298522 43.972468
56.298508 43.972232
56.298517 43.972
56.29854 43.971777
56.298583 43.97155
56.298633 43.971347
56.298683 43.971142
56.298735 43.97094
56.298795 43.970688
56.298825 43.970508
56.298853 43.970253
56.298882 43.969988
56.2989 43.969738
56.29898 43.969372
56.298975 43.969123
56.298958 43.968808
56.29894 43.968493
56.298905 43.968173
56.298902 43.967848
56.298907 43.967522
56.298903 43.967198
56.298902 43.966877
56.298902 43.966557
56.298902 43.966238
56.298902 43.965922
56.2989 43.965608
56.298898 43.965322
56.2989 43.965045
56.2989 43.964792
56.2989 43.964558
56.298903 43.964347
56.298907 43.964143
56.298907 43.963945
56.298905 43.96375
56.298907 43.963548
56.298907 43.963333
56.298907 43.963098
56.298907 43.962847
56.298905 43.962573
56.298903 43.962285
56.298903 43.961987
56.298903 43.961687
56.298902 43.961377
56.298903 43.961058
56.298902 43.960737
56.298903 43.960407
56.298903 43.960075
56.298902 43.959743
56.298902 43.959412
56.2989 43.959075
56.298902 43.958737
56.298902 43.9584
56.298903 43.958068
56.298903 43.957743
56.298902 43.957415
56.298902 43.957093
56.298902 43.95677
56.2989 43.956448
56.2989 43.95613
56.2989 43.95581
56.2989 43.955493
56.298898 43.955177
56.298898 43.954855
56.298898 43.954538
56.298898 43.95422
56.298898 43.9539
56.2989 43.953583
56.298898 43.953263
56.298898 43.952937
56.2989 43.952605
56.298898 43.952267
56.298898 43.951918
56.298897 43.951572
56.298898 43.951218
56.298898 43.950863
56.298898 43.95051
56.298897 43.950158
56.298897 43.949807
56.298895 43.949453
56.298895 43.949103
56.298893 43.948758
56.298895 43.94842
56.298897 43.948103
56.298902 43.947813
56.298925 43.947552
56.298963 43.94732
56.299027 43.947118
56.299107 43.946945
56.299193 43.946785
56.29928 43.946628
56.29937 43.946477
56.299465 43.946318
56.299553 43.94615
56.299633 43.945963
56.299697 43.945762
56.299735 43.94554
56.299763 43.945317
56.299778 43.945103
56.299785 43.944903
56.299778 43.944728
56.299758 43.944575
56.299733 43.94443
56.299698 43.944283
56.299653 43.94413
56.299602 43.943978
56.299532 43.94383
56.299445 43.943688
56.299335 43.943558
56.299205 43.943448
56.299063 43.943365
56.298912 43.943312
56.298753 43.943293
56.298598 43.943292
56.298445 43.943288
56.298293 43.943287
56.29815 43.943283
56.298018 43.943257
56.297873 43.943183
56.297793 43.943097
56.297672 43.942982
56.2976 43.942885
56.297525 43.942753
56.29746 43.942592
56.297423 43.94247
56.297383 43.942322
56.297353 43.942188
56.297318 43.94203
56.29729 43.941843
56.297262 43.941647
56.297232 43.941433
56.297203 43.941217
56.297173 43.940977
56.297143 43.940742
56.297112 43.940498
56.29708 43.94025
56.29705 43.94002
56.296988 43.939535
56.296957 43.939292
56.296925 43.93904
56.296893 43.938785
56.296853 43.938548
56.296813 43.938293
56.296773 43.938045
56.296732 43.937787
56.296693 43.937535
56.296658 43.93728
56.296627 43.937047
56.296597 43.936803
56.296568 43.936572
56.296535 43.936337
56.296508 43.936105
56.296478 43.935868
56.29645 43.935633
56.296422 43.935438
56.296405 43.935223
56.296383 43.935007
56.296367 43.934815
56.296355 43.934657
56.296358 43.934513
56.296382 43.93439
56.296422 43.934288
56.296487 43.934213
56.296565 43.934188
56.29664 43.934223
56.29671 43.934303
56.296763 43.934432
56.296808 43.93461
56.29684 43.934783
56.29687 43.934973
56.2969 43.935167
56.296928 43.935367
56.296947 43.935563
56.296967 43.93574
56.296955 43.93591
56.29697 43.936037
56.296962 43.936157
56.296943 43.936257
56.296932 43.936285
56.296918 43.93631
56.296908 43.936333
56.2969 43.936348
56.2969 43.936348
56.296902 43.936348
56.296883 43.936355
56.296885 43.936372
56.29688 43.936382
56.296867 43.936398
56.296833 43.936415
56.296747 43.936447
56.296727 43.936432
56.296675 43.936393
56.296615 43.936347
56.29656 43.936303
56.296505 43.936262
56.29643 43.936222
56.296357 43.936175
56.296273 43.93612
56.296183 43.936057
56.296075 43.935972
56.295985 43.935897
56.295887 43.935817
56.295775 43.935737
56.295658 43.935652
56.295538 43.935565
56.295413 43.935473
56.295282 43.935373
56.295143 43.935273
56.295002 43.935173
56.294857 43.935067
56.29471 43.934962
56.294558 43.93485
56.294403 43.934742
56.294257 43.934628
56.29411 43.934518
56.293965 43.934408
56.293673 43.934188
56.29352 43.934073
56.293367 43.93396
56.293213 43.93384
56.292895 43.933593
56.292733 43.93347
56.292567 43.933348
56.292402 43.933225
56.292235 43.933103
56.29207 43.932982
56.29189 43.932838
56.29173 43.932715
56.291388 43.932467
56.291213 43.932337
56.291032 43.9322
56.29086 43.932075
56.290685 43.93194
56.29051 43.93181
56.290333 43.93168
56.290155 43.931547
56.28998 43.931427
56.289803 43.931297
56.289625 43.931157
56.289445 43.931023
56.289267 43.930878
56.288908 43.930607
56.288728 43.930473
56.288548 43.930342
56.288368 43.930215
56.288013 43.929953
56.287835 43.92982
56.287655 43.929687
56.287473 43.929567
56.287295 43.929438
56.287117 43.929307
56.286938 43.929168
56.286762 43.929033
56.286583 43.928898
56.286407 43.928765
56.28623 43.928632
56.286053 43.9285
56.285878 43.928372
56.285697 43.928242
56.285528 43.928115
56.285185 43.927867
56.285035 43.927752
56.284893 43.92765
56.284763 43.927557
56.284627 43.92745
56.284485 43.92734
56.284342 43.927232
56.284197 43.927137
56.284035 43.92702
56.283878 43.92691
56.28372 43.926793
56.283565 43.92667
56.283417 43.926558
56.283277 43.926455
56.28314 43.92635
56.283005 43.926248
56.282877 43.926155
56.28263 43.925963
56.282403 43.92579
56.282292 43.92569
56.282182 43.925605
56.282088 43.925532
56.281987 43.925443
56.28189 43.925398
56.281782 43.925322
56.281667 43.925237
56.281548 43.925143
56.281423 43.925047
56.281293 43.92495
56.281153 43.92485
56.281018 43.924745
56.280878 43.92464
56.280742 43.924535
56.280605 43.92444
56.280463 43.924335
56.280317 43.924227
56.280172 43.924117
56.28002 43.924002
56.27987 43.923892
56.279722 43.923782
56.279575 43.923673
56.279432 43.923575
56.279142 43.923367
56.278995 43.92326
56.278847 43.923147
56.278692 43.923033
56.278538 43.92292
56.278383 43.922803
56.27822 43.92268
56.27806 43.92256
56.277903 43.922443
56.277745 43.922325
56.277587 43.922212
56.277427 43.922093
56.277267 43.921975
56.277112 43.921857
56.276968 43.92175
56.276822 43.921638
56.276682 43.921532
56.27653 43.921415
56.276393 43.921307
56.276252 43.921217
56.276103 43.921105
56.275963 43.920998
56.275678 43.920782
56.27554 43.92068
56.275403 43.920575
56.275267 43.920473
56.275132 43.92037
56.274992 43.92026
56.274855 43.920155
56.274722 43.920068
56.274585 43.919968
56.274457 43.91987
56.27432 43.919783
56.274182 43.919677
56.27405 43.919575
56.273907 43.919463
56.27377 43.919362
56.273633 43.919262
56.273505 43.919163
56.273378 43.919067
56.27325 43.918967
56.273123 43.918865
56.273007 43.918777
56.272775 43.918598
56.272685 43.91851
56.272598 43.918443
56.27254 43.918407
56.272472 43.918343
56.272428 43.918312
56.272388 43.918282
56.272358 43.918262
56.272333 43.918245
56.272307 43.918233
56.272292 43.918227
56.27227 43.918213
56.272253 43.918227
56.272248 43.918202
56.272233 43.918213
56.272212 43.918187
56.272188 43.918167
56.272145 43.918138
56.272102 43.918098
56.271987 43.918013
56.271912 43.917958
56.271817 43.917898
56.271702 43.91782
56.271587 43.917753
56.271468 43.917678
56.271332 43.917582
56.271192 43.91747
56.271048 43.917363
56.270897 43.91725
56.270588 43.917018
56.270432 43.916907
56.27028 43.91679
56.270115 43.916668
56.269957 43.916542
56.269792 43.916418
56.26963 43.916298
56.269468 43.91618
56.269315 43.91607
56.269178 43.915968
56.269052 43.915862
56.268938 43.915775
56.268855 43.915703
56.268778 43.91561
56.2687 43.915477
56.268662 43.915377
56.268612 43.915257
56.268553 43.915155
56.268553 43.915155
56.268533 43.915112
56.268523 43.915207
56.268523 43.915207
56.268523 43.915207
56.26855 43.915152
56.268507 43.915052
56.268475 43.91498
56.268528 43.914768
56.268505 43.914648
56.26848 43.914518
56.268445 43.914395
56.268397 43.914285
56.268343 43.914188
56.26826 43.914062
56.268183 43.913985
56.268113 43.913965
56.268018 43.913992
56.267923 43.914047
56.267817 43.914095
56.267713 43.914148
56.267607 43.914203
56.267502 43.914268
56.26739 43.914305
56.267263 43.91431
56.267057 43.914172
56.266952 43.914042
56.26684 43.913903
56.26672 43.913755
56.266602 43.913595
56.266478 43.913437
56.266352 43.913277
56.266223 43.913115
56.266102 43.912947
56.265973 43.912785
56.265843 43.912615
56.265712 43.91245
56.265575 43.912282
56.265442 43.912117
56.265308 43.911943
56.265172 43.911773
56.26504 43.911605
56.264907 43.911435
56.264775 43.91127
56.26465 43.91112
56.264523 43.910958
56.264387 43.910788
56.264153 43.910492
56.264035 43.910347
56.263927 43.910213
56.263827 43.910098
56.26374 43.909997
56.263665 43.909902
56.263602 43.90982
56.263508 43.909698
56.263478 43.90966
56.263455 43.909623
56.263437 43.909602
56.263428 43.909582
56.263423 43.909575
56.263423 43.909575
56.263423 43.909575
56.263423 43.909575
56.263423 43.909575
56.26342 43.909562
56.26342 43.909562
56.26342 43.909562
56.26342 43.909562
56.26342 43.909562
56.26342 43.909562
56.26342 43.909562
56.26342 43.909562
56.26342 43.909562
56.263398 43.909515
56.26336 43.909463
56.263308 43.909402
56.263255 43.909332
56.26319 43.90925
56.263115 43.909157
56.262933 43.908933
56.262842 43.908807
56.262742 43.908668
56.262627 43.908517
56.262495 43.908362
56.262353 43.908205
56.26221 43.908033
56.262068 43.907858
56.261923 43.907682
56.261777 43.907498
56.261627 43.907312
56.261475 43.907123
56.261325 43.906938
56.261177 43.906755
56.261033 43.906573
56.260888 43.906395
56.260747 43.906222
56.260603 43.906045
56.260463 43.905862
56.260322 43.905682
56.260182 43.905507
56.260043 43.905333
56.25991 43.90516
56.25978 43.904992
56.259647 43.904828
56.259517 43.904665
56.259383 43.904502
56.259253 43.904337
56.25912 43.904172
56.25899 43.904007
56.258858 43.903843
56.25873 43.903678
56.258598 43.90352
56.258468 43.90337
56.258335 43.90323
56.2582 43.903098
56.258062 43.902985
56.257922 43.9029
56.257773 43.902818
56.25763 43.902718
56.257498 43.90259
56.25737 43.902438
56.257247 43.902258
56.257133 43.90206
56.25703 43.901838
56.256928 43.901593
56.256827 43.901337
56.256723 43.901068
56.256617 43.900798
56.256507 43.900517
56.256397 43.900232
56.256283 43.899947
56.256172 43.899655
56.256062 43.899362
56.255952 43.899073
56.255837 43.898787
56.255727 43.898502
56.255617 43.898215
56.255505 43.897928
56.255395 43.897643
56.255285 43.89736
56.255175 43.897085
56.255072 43.896813
56.25497 43.896552
56.254867 43.896295
56.254768 43.89604
56.254672 43.895785
56.254573 43.895527
56.254473 43.895273
56.254375 43.895023
56.254278 43.894777
56.254183 43.89453
56.254097 43.894305
56.25401 43.894097
56.253923 43.893882
56.253837 43.893658
56.253748 43.893427
56.253658 43.893182
56.253565 43.89294
56.25347 43.892687
56.25337 43.89243
56.253268 43.892168
56.253163 43.891903
56.253058 43.891635
56.252947 43.891358
56.252838 43.89108
56.252728 43.890795
56.252617 43.890507
56.252508 43.890218
56.252397 43.889927
56.252285 43.889635
56.252175 43.889342
56.252062 43.889053
56.251947 43.888768
56.251835 43.888487
56.251725 43.888207
56.251617 43.887928
56.251508 43.887648
56.251405 43.887372
56.251297 43.887097
56.25119 43.886818
56.251085 43.886547
56.250977 43.886273
56.25087 43.885995
56.250763 43.885725
56.250658 43.885458
56.250553 43.885195
56.250452 43.884935
56.250353 43.88468
56.250255 43.88443
56.250163 43.884178
56.250068 43.883935
56.249973 43.883697
56.249883 43.88346
56.249797 43.88323
56.24971 43.883012
56.249633 43.882822
56.24957 43.88265
56.249512 43.882507
56.249468 43.882395
56.24943 43.882297
56.249403 43.882218
56.249383 43.882158
56.249373 43.882133
56.249367 43.882127
56.24936 43.882103
56.249343 43.882058
56.249318 43.882
56.249288 43.881925
56.249253 43.881833
56.249218 43.881738
56.249177 43.881632
56.249128 43.881508
56.249075 43.881372
56.249017 43.881227
56.24896 43.881085
56.248905 43.880943
56.24885 43.880805
56.248792 43.880663
56.24873 43.880515
56.24867 43.88036
56.24861 43.88021
56.248547 43.880045
56.24848 43.879877
56.248412 43.879703
56.248347 43.879535
56.248283 43.879368
56.248217 43.879203
56.248147 43.879032
56.248075 43.878853
56.248002 43.878672
56.247928 43.878482
56.247853 43.878293
56.247777 43.878093
56.247702 43.877895
56.24763 43.877703
56.247557 43.877517
56.247487 43.877338
56.247417 43.877163
56.247348 43.87699
56.247285 43.87682
56.24722 43.876652
56.247157 43.876483
56.247088 43.87632
56.247022 43.876152
56.246957 43.875987
56.246893 43.875832
56.246825 43.875678
56.246752 43.875533
56.246672 43.875392
56.246592 43.875258
56.246503 43.875137
56.246408 43.875018
56.246322 43.874873
56.246243 43.874702
56.246165 43.874508
56.246087 43.8743
56.246005 43.87409
56.245918 43.873877
56.245833 43.873658
56.24575 43.873438
56.245665 43.873222
56.245582 43.87301
56.245502 43.872805
56.245427 43.87261
56.245357 43.87243
56.245293 43.872267
56.245237 43.872118
56.245188 43.871988
56.245143 43.871872
56.245107 43.871765
56.245073 43.871677
56.245043 43.871607
56.24502 43.871547
56.245 43.871497
56.244985 43.871462
56.244972 43.871427
56.244962 43.8714
56.24495 43.871373
56.244942 43.871353
56.244933 43.87133
56.244925 43.871302
56.244915 43.871273
56.244903 43.871245
56.244882 43.871188
56.244865 43.871155
56.244852 43.871118
56.244837 43.871085
56.244825 43.871048
56.244813 43.871015
56.244802 43.870987
56.244788 43.870955
56.244775 43.870918
56.244762 43.870885
56.24475 43.870848
56.244738 43.870815
56.244727 43.870785
56.244717 43.870758
56.244705 43.870732
56.244697 43.870708
56.244685 43.870685
56.244677 43.870665
56.244672 43.870648
56.244672 43.870648
56.244672 43.870648
56.244672 43.870648
56.244672 43.870648
56.244668 43.870643
56.244668 43.870643
56.244668 43.870643
56.244668 43.870643
56.244668 43.870643
56.244668 43.870643
56.244668 43.870643
56.244668 43.870643
56.244658 43.870607
56.244633 43.870553
56.244608 43.87048
56.24458 43.870403
56.24455 43.87033
56.244523 43.870253
56.244497 43.870183
56.244468 43.870115
56.24444 43.870057
56.244417 43.869995
56.244395 43.869935
56.24437 43.869877
56.244345 43.869813
56.244317 43.869743
56.244283 43.869658
56.244247 43.869567
56.24421 43.869458
56.244165 43.869332
56.244115 43.869198
56.244057 43.869048
56.243998 43.868898
56.243938 43.868745
56.243872 43.868588
56.243803 43.868415
56.243738 43.868225
56.243665 43.86803
56.243603 43.867868
56.243537 43.867695
56.243413 43.867365
56.24335 43.867192
56.243287 43.867025
56.243222 43.866853
56.243167 43.866705
56.243115 43.866592
56.243072 43.866482
56.243028 43.866378
56.242987 43.866273
56.242888 43.86602
56.242827 43.865877
56.242753 43.86574
56.242682 43.865587
56.242603 43.865388
56.242555 43.865257
56.24249 43.865088
56.242425 43.86492
56.242298 43.864593
56.242237 43.86444
56.242118 43.864162
56.242048 43.864047
56.24197 43.863957
56.241882 43.863883
56.241807 43.863832
56.241725 43.86378
56.24163 43.863725
56.241482 43.863652
56.2414 43.863613
56.241322 43.863583
56.24125 43.863568
56.241187 43.863567
56.241123 43.86358
56.241067 43.8636
56.240977 43.863647
56.240932 43.86368
56.240875 43.863722
56.240808 43.863778
56.24073 43.863843
56.240647 43.863928
56.240567 43.864015
56.240475 43.864112
56.240382 43.864218
56.240285 43.864335
56.240185 43.864453
56.24008 43.86457
56.239977 43.864685
56.23987 43.864793
56.239767 43.86491
56.239642 43.865067
56.239568 43.865158
56.239463 43.865295
56.239377 43.865412
56.23927 43.865548
56.239187 43.865648
56.239085 43.865768
56.238887 43.866012
56.238792 43.86613
56.238697 43.866253
56.238607 43.866368
56.238517 43.866483
56.238428 43.866593
56.238263 43.8668
56.238122 43.866985
56.238062 43.867062
56.238013 43.867123
56.23797 43.867178
56.237933 43.867227
56.237907 43.867258
56.237893 43.867278
56.237883 43.867287
56.23788 43.867293
56.237878 43.867302
56.237877 43.8673
56.237875 43.867302
56.237873 43.867308
56.237873 43.867308
56.237873 43.867308
56.237857 43.867345
56.237855 43.867355
56.237853 43.867357
56.237858 43.867355
56.237858 43.867355
56.237858 43.867355
56.237858 43.867355
56.237858 43.867355
56.237858 43.867355
56.237858 43.867355
56.237863 43.867342
56.237863 43.867345
56.237863 43.867348
56.237852 43.867355
56.2378 43.867413
56.237757 43.867458
56.237713 43.867478
56.23764 43.867495
56.237523 43.86737
56.237467 43.86726
56.237413 43.86713
56.237357 43.866982
56.23729 43.866817
56.237227 43.866645
56.237155 43.866443
56.237018 43.866075
56.236938 43.86587
56.236863 43.865665
56.236785 43.865455
56.236705 43.865248
56.23662 43.865048
56.236543 43.864837
56.236465 43.864627
56.236387 43.864413
56.236308 43.86421
56.236222 43.864012
56.23614 43.863798
56.236057 43.863587
56.235977 43.863375
56.235897 43.86316
56.235817 43.862945
56.235733 43.86273
56.23565 43.862515
56.235568 43.862298
56.235485 43.862083
56.235402 43.861867
56.235318 43.861653
56.23524 43.86144
56.235165 43.861232
56.235083 43.86103
56.235002 43.860825
56.23492 43.860617
56.234838 43.86041
56.234755 43.8602
56.234673 43.859993
56.234593 43.859787
56.234518 43.859585
56.234445 43.859385
56.234375 43.859198
56.234308 43.859027
56.234248 43.85888
56.234198 43.858745
56.234153 43.858652
56.234108 43.858593
56.234073 43.858578
56.234055 43.858585
56.234045 43.858592
56.234043 43.858593
56.234043 43.858593
56.234043 43.858593
56.234043 43.858593
56.234043 43.858593
56.234042 43.8586
56.234042 43.8586
56.234042 43.8586
56.234042 43.8586
56.234042 43.8586
56.234042 43.8586
56.234042 43.8586
56.234042 43.8586
56.234008 43.858625
56.233967 43.858658
56.233925 43.858697
56.23388 43.858748
56.233827 43.858828
56.233768 43.85891
56.233707 43.858987
56.233643 43.85905
56.233578 43.859103
56.233512 43.859138
56.233447 43.859203
56.233382 43.859273
56.233315 43.85934
56.233257 43.859445
56.233195 43.859508
56.233118 43.859585
56.233053 43.859652
56.232982 43.859725
56.232913 43.859795
56.23285 43.85986
56.232785 43.859925
56.232722 43.85999
56.232655 43.860057
56.232595 43.860118
56.232547 43.860167
56.232503 43.860212
56.232492 43.860223
56.232493 43.860222
56.232315 43.860415
56.232258 43.860477
56.232197 43.860545
56.232143 43.860603
56.232088 43.860663
56.232038 43.860717
56.231992 43.860767
56.231943 43.860828
56.231902 43.860882
56.231858 43.860937
56.231858 43.860938
56.231693 43.861162
56.231633 43.861245
56.231573 43.861325
56.23151 43.861413
56.23145 43.861498
56.231388 43.861592
56.231332 43.861683
56.231278 43.861773
56.231227 43.861865
56.231173 43.861957
56.231132 43.862048
56.231098 43.862127
56.23107 43.862192
56.231005 43.86232
56.230975 43.862365
56.230913 43.862452
56.230852 43.862527
56.230808 43.862582
56.23072 43.862695
56.230658 43.862772
56.230593 43.862853
56.230523 43.862942
56.230465 43.863017
56.230327 43.86319
56.230263 43.86327
56.230202 43.863348
56.230138 43.863427
56.230087 43.863492
56.230038 43.863558
56.230005 43.863602
56.229977 43.86364
56.229953 43.863672
56.229932 43.8637
56.22991 43.863728
56.22991 43.86373
56.229908 43.863732
56.229908 43.863732
56.229785 43.863908
56.229777 43.863918
56.229612 43.864117
56.229567 43.864018
56.229553 43.863988
56.229538 43.863953
56.229522 43.863918
56.2295 43.863868
56.229482 43.863828
56.229467 43.863793
56.229507 43.863595
56.229527 43.86356
56.229548 43.863532
56.229573 43.86349
56.229598 43.863445
56.229618 43.863407
56.229645 43.863347
56.229662 43.863295
56.22964 43.863235
56.229623 43.863192
56.229605 43.863155
56.22959 43.863127
56.229575 43.863102
56.22956 43.863078
56.22954 43.863052
56.229518 43.863027
56.229495 43.863002
56.229468 43.862978
56.22944 43.862952
56.229412 43.862917
56.229378 43.86286
56.229295 43.862747
56.22926 43.862675
56.229227 43.862608
56.229188 43.862527
56.229158 43.862447
56.229123 43.862365
56.229093 43.862292
56.229058 43.862235
56.229022 43.862143
56.228987 43.862057
56.228955 43.861975
56.228922 43.861892
56.228897 43.861832
56.22887 43.861763
56.228848 43.861708
56.228822 43.861643
56.228797 43.861582
56.228773 43.861523
56.228752 43.861468
56.22871 43.861363
56.228677 43.861282
56.228647 43.861207
56.228617 43.86113
56.228585 43.861052
56.228558 43.860983
56.228527 43.860905
56.228497 43.860828
56.228473 43.86077
56.228448 43.86071
56.228442 43.860692
56.228428 43.860662
56.228412 43.860618
56.228395 43.860577
56.228375 43.860527
56.228357 43.86048
56.228345 43.860453
56.22834 43.860455
56.228265 43.86054
56.22822 43.860593
56.228173 43.860653
56.228118 43.86072
56.228053 43.860803
56.228053 43.860802
56.227925 43.860965
56.227867 43.861043
56.227803 43.861113
56.22774 43.86119
56.227678 43.861277
56.227623 43.861358
56.227567 43.86143
56.227513 43.861488
56.227523 43.861463
56.2274 43.861605
56.227343 43.861657
56.227293 43.861747
56.22724 43.861825
56.227173 43.86191
56.227117 43.861993
56.227065 43.86208
56.22704 43.862067
56.22704 43.862067
56.226912 43.862237
56.226878 43.862312
56.226833 43.86235
56.226807 43.862383
56.226772 43.862402
56.226752 43.862427
56.226748 43.86243
56.22674 43.86244
56.226732 43.862452
56.226722 43.862463
56.226723 43.86246
56.226725 43.86246
56.226725 43.86246
56.226723 43.86246
56.226723 43.86246
56.226723 43.86246
56.226723 43.86246
56.226723 43.862462
56.226723 43.862462
56.226723 43.862462
56.226678 43.862517
56.226663 43.862535
56.226643 43.862562
56.226623 43.862585
56.226615 43.862615
56.226685 43.862888
56.226715 43.862997
56.226755 43.863118
56.226817 43.863258
56.226875 43.863417
56.226942 43.863603
56.227013 43.863777
56.227082 43.863967
56.22716 43.864167
56.227243 43.864375
56.227315 43.864562
56.227397 43.864757
56.227473 43.864948
56.227545 43.865127
56.227615 43.865312
56.227668 43.865452
56.227743 43.865642
56.227803 43.865802
56.227853 43.865928
56.227897 43.866045
56.227932 43.866138
56.227963 43.866222
56.227983 43.866277
56.228003 43.866333
56.228022 43.866378
56.228037 43.866417
56.228047 43.866447
56.228052 43.866468
56.228053 43.866473
56.228053 43.86647
56.228052 43.866473
56.22805 43.866473
56.22805 43.866475
56.228087 43.86657
56.228117 43.86664
56.22815 43.866737
56.228187 43.866837
56.228227 43.866957
56.228283 43.867088
56.228343 43.867242
56.228408 43.867407
56.228475 43.86758
56.228545 43.867757
56.228623 43.867948
56.228703 43.868155
56.228787 43.86838
56.228868 43.868602
56.228957 43.868837
56.22905 43.869075
56.229145 43.869315
56.229243 43.869565
56.229342 43.86981
56.229445 43.870068
56.229545 43.870323
56.229643 43.870587
56.229743 43.87085
56.229847 43.871118
56.22995 43.871385
56.230055 43.871653
56.230158 43.871915
56.230267 43.872188
56.230372 43.872455
56.230475 43.872718
56.23057 43.87297
56.230652 43.873215
56.230728 43.873448
56.230805 43.873662
56.230878 43.87386
56.230952 43.87406
56.231022 43.874245
56.231098 43.874438
56.231177 43.87464
56.231228 43.874775
56.231335 43.875037
56.231412 43.87522
56.231483 43.875415
56.231555 43.875615
56.23163 43.875813
56.231713 43.876012
56.231803 43.876212
56.231893 43.876418
56.231973 43.876617
56.232065 43.876857
56.23215 43.877065
56.232228 43.877265
56.232302 43.877447
56.232377 43.877635
56.232443 43.877813
56.232503 43.877967
56.232553 43.878107
56.232613 43.87826
56.232658 43.878362
56.232708 43.878442
56.232748 43.87849
56.232757 43.87856
56.232798 43.87857
56.232803 43.87858
56.232953 43.878367
56.232953 43.878363
56.233128 43.878128
56.233222 43.878008
56.233333 43.877858
56.233445 43.877712
56.233562 43.87756
56.233693 43.877388
56.233832 43.877202
56.233962 43.87703
56.234103 43.876842
56.234232 43.876667
56.234365 43.87649
56.234492 43.87632
56.23462 43.876153
56.234742 43.875995
56.234862 43.875833
56.234963 43.875698
56.235047 43.875585
56.23511 43.87551
56.235177 43.875465
56.235185 43.875457
56.235303 43.875545
56.235352 43.875637
56.235402 43.875745
56.235453 43.875862
56.235513 43.875993
56.235578 43.87614
56.23564 43.876298
56.23571 43.876467
56.235777 43.876632
56.23585 43.876813
56.23592 43.87699
56.235992 43.877172
56.236063 43.877352
56.236137 43.877538
56.236203 43.877728
56.236267 43.877923
56.23633 43.878127
56.236387 43.878335
56.236435 43.87855
56.236478 43.878772
56.236515 43.879007
56.23655 43.87924
56.236587 43.879475
56.236623 43.879708
56.236657 43.879938
56.236692 43.880163
56.236722 43.880382
56.236747 43.880575
56.236758 43.880737
56.236762 43.880892
56.236758 43.881035
56.236747 43.88118
56.236735 43.88131
56.236727 43.881433
56.236718 43.881558
56.23671 43.881702
56.236702 43.881863
56.236688 43.882033
56.23667 43.88222
56.23665 43.882417
56.236635 43.88262
56.236618 43.882828
56.236603 43.883035
56.23659 43.883238
56.236582 43.88344
56.23658 43.88364
56.236592 43.883838
56.236617 43.884038
56.236648 43.884215
56.23669 43.884378
56.236738 43.884532
56.2368 43.884692
56.236863 43.88486
56.23693 43.885042
56.236992 43.885233
56.23706 43.885427
56.237138 43.885617
56.237218 43.885808
56.237298 43.88601
56.237378 43.886218
56.237455 43.886433
56.237532 43.886655
56.237613 43.886878
56.237692 43.887105
56.237768 43.887343
56.237845 43.887572
56.237922 43.8878
56.238 43.888025
56.238075 43.88825
56.23815 43.888477
56.238223 43.888695
56.238293 43.888907
56.238362 43.88911
56.23843 43.88931
56.238497 43.889505
56.238562 43.889695
56.238623 43.889877
56.238678 43.890037
56.23873 43.890192
56.238778 43.890343
56.238828 43.890495
56.238883 43.890657
56.23894 43.890832
56.239002 43.89102
56.239065 43.891218
56.239132 43.891425
56.239202 43.891642
56.239273 43.891862
56.239345 43.892083
56.239418 43.892307
56.239495 43.892538
56.239575 43.892782
56.239658 43.893035
56.239743 43.893292
56.239838 43.89355
56.239937 43.893807
56.240028 43.894073
56.240115 43.894343
56.240197 43.894608
56.240272 43.894868
56.240347 43.895117
56.240425 43.895357
56.240508 43.89559
56.240593 43.895813
56.240678 43.896018
56.24077 43.896223
56.240872 43.896423
56.240967 43.896632
56.241058 43.896837
56.241153 43.897048
56.241252 43.897253
56.241348 43.89746
56.241443 43.897665
56.24154 43.897868
56.241638 43.89807
56.241733 43.898275
56.241825 43.898487
56.241912 43.8987
56.241997 43.898918
56.242083 43.899135
56.242173 43.89936
56.242265 43.899587
56.242358 43.899823
56.242453 43.90006
56.242555 43.900308
56.24265 43.900545
56.242745 43.900792
56.24284 43.901032
56.242937 43.901277
56.243032 43.901513
56.243132 43.901767
56.243213 43.901973
56.243322 43.902257
56.243417 43.902518
56.243517 43.902778
56.24362 43.903032
56.24372 43.903288
56.243817 43.903537
56.243918 43.903783
56.244015 43.904022
56.244105 43.904255
56.244198 43.904482
56.244287 43.904717
56.244377 43.904957
56.244467 43.905193
56.24466 43.905702
56.244753 43.905957
56.244957 43.906488
56.245063 43.906763
56.245278 43.907312
56.245388 43.907588
56.2455 43.907867
56.245613 43.908153
56.245728 43.90844
56.245952 43.90901
56.246067 43.909303
56.246182 43.9096
56.246293 43.909888
56.246408 43.910192
56.246517 43.910477
56.246628 43.910762
56.246842 43.911308
56.246947 43.911582
56.247053 43.911848
56.247157 43.912118
56.247265 43.912393
56.247372 43.912665
56.247477 43.91294
56.24758 43.913225
56.247695 43.913517
56.247793 43.913775
56.247915 43.914083
56.248008 43.914313
56.248113 43.914582
56.248217 43.914847
56.248317 43.915108
56.248412 43.915357
56.2485 43.915588
56.248583 43.915798
56.24866 43.91599
56.248803 43.916332
56.248863 43.916492
56.248923 43.91664
56.248978 43.916788
56.249027 43.916917
56.249068 43.917038
56.249112 43.917152
56.249157 43.917268
56.249203 43.917395
56.249257 43.917525
56.24931 43.917662
56.249362 43.917795
56.24942 43.917917
56.249555 43.91808
56.249648 43.918123
56.249805 43.918107
56.24989 43.918052
56.249977 43.917963
56.25006 43.917875
56.250142 43.917785
56.250287 43.917612
56.25035 43.917523
56.25041 43.917442
56.250467 43.917362
56.250523 43.917282
56.250578 43.917205
56.250637 43.91714
56.250697 43.917093
56.25076 43.917085
56.250825 43.917128
56.250882 43.917203
56.25101 43.917457
56.25109 43.917628
56.251182 43.91781
56.251273 43.91801
56.25137 43.918228
56.251477 43.918463
56.251587 43.918712
56.251702 43.918973
56.251827 43.919252
56.251955 43.919532
56.252092 43.919815
56.252227 43.920107
56.252358 43.920402
56.252488 43.920692
56.252608 43.920982
56.252848 43.921532
56.25297 43.921788
56.25309 43.922037
56.253207 43.922285
56.253322 43.922532
56.253435 43.922782
56.253552 43.923027
56.253665 43.92328
56.25378 43.923535
56.253895 43.923793
56.254023 43.924073
56.254132 43.924313
56.25427 43.924615
56.25437 43.924833
56.254495 43.925095
56.254613 43.925355
56.254848 43.92586
56.254963 43.926107
56.255085 43.926357
56.2552 43.926595
56.25531 43.926822
56.255418 43.927042
56.255527 43.927262
56.255633 43.92747
56.25574 43.927683
56.255843 43.927897
56.255945 43.928103
56.256052 43.928323
56.256142 43.9285
56.25624 43.928695
56.256425 43.92906
56.256515 43.92923
56.256605 43.929397
56.256695 43.929555
56.256783 43.92971
56.256872 43.92986
56.256958 43.930005
56.257045 43.930147
56.257128 43.930282
56.257212 43.930423
56.257297 43.930555
56.25738 43.93068
56.25746 43.930807
56.257538 43.930927
56.257618 43.931033
56.257692 43.931143
56.257762 43.931238
56.257827 43.931327
56.257882 43.931405
56.25793 43.931478
56.257968 43.931533
56.258002 43.93158
56.258028 43.931617
56.258045 43.931652
56.258067 43.93168
56.258075 43.931693
56.258085 43.93171
56.258092 43.93172
56.258092 43.93172
56.258092 43.93172
56.258092 43.93172
56.258123 43.931755
56.258157 43.931803
56.258195 43.931847
56.258232 43.93189
56.258273 43.931945
56.258315 43.932008
56.258348 43.932077
56.258365 43.932173
56.258355 43.93228
56.258323 43.932382
56.25828 43.932478
56.258227 43.932583
56.258157 43.932713
56.25807 43.932873
56.257977 43.933043
56.257883 43.933217
56.257782 43.93341
56.257555 43.933822
56.257438 43.934038
56.257317 43.934262
56.25719 43.934488
56.256923 43.934982
56.256785 43.935238
56.256645 43.935495
56.256507 43.935752
56.256235 43.936252
56.2561 43.936507
56.255963 43.936757
56.25583 43.937005
56.255698 43.937253
56.255565 43.9375
56.255433 43.937742
56.255307 43.937988
56.255182 43.938243
56.255055 43.938495
56.254928 43.938758
56.254795 43.93902
56.254637 43.939312
56.254508 43.939553
56.254363 43.939825
56.25407 43.940373
56.253922 43.940643
56.25378 43.940908
56.25364 43.941167
56.253508 43.941418
56.253378 43.94167
56.253247 43.941918
56.253112 43.942173
56.252828 43.942695
56.252683 43.942962
56.252535 43.943232
56.252385 43.943507
56.252233 43.943783
56.252082 43.944065
56.25193 43.944343
56.251778 43.944627
56.251623 43.944907
56.251467 43.945193
56.251298 43.945508
56.251148 43.945775
56.250985 43.946078
56.250832 43.946363
56.250517 43.94695
56.250362 43.94724
56.250203 43.947532
56.250048 43.947827
56.249905 43.94811
56.249595 43.948683
56.249443 43.948963
56.249288 43.949248
56.249135 43.949527
56.248977 43.94981
56.248827 43.950092
56.248675 43.950367
56.248523 43.950645
56.248373 43.950933
56.248222 43.951212
56.248073 43.951487
56.247923 43.951768
56.247772 43.952048
56.24762 43.952325
56.247465 43.952597
56.247315 43.952873
56.247173 43.953127
56.247035 43.953385
56.246897 43.953635
56.24676 43.953898
56.246623 43.954155
56.246492 43.954423
56.246363 43.954697
56.24624 43.954973
56.246115 43.955247
56.246017 43.95554
56.245897 43.955835
56.245783 43.956128
56.245667 43.956433
56.245563 43.956753
56.245457 43.957057
56.24536 43.95739
56.24526 43.957747
56.245167 43.958082
56.245085 43.958427
56.245007 43.958767
56.24493 43.959125
56.244848 43.959463
56.244773 43.959813
56.244703 43.960145
56.244627 43.960468
56.24456 43.960788
56.244502 43.961108
56.244442 43.96142
56.244387 43.961692
56.244327 43.961978
56.244278 43.962252
56.244233 43.962507
56.244188 43.962753
56.244142 43.962988
56.2441 43.963215
56.24406 43.963432
56.244025 43.963637
56.243988 43.96383
56.243953 43.964028
56.24392 43.964243
56.243882 43.964465
56.243845 43.964678
56.243813 43.964865
56.243775 43.965087
56.243737 43.965323
56.243713 43.96549
56.243672 43.965638
56.243638 43.965773
56.243632 43.965785
56.243545 43.965988
56.24351 43.966092
56.243463 43.966165
56.24339 43.966187
56.243312 43.966178
56.243248 43.966123
56.243193 43.966057
56.243133 43.965905
56.243105 43.965785
56.243083 43.965647
56.243067 43.965478
56.243063 43.965328
56.243062 43.96523
56.243095 43.965047
56.243138 43.964937
56.243197 43.96486
56.243255 43.96481
56.243315 43.964782
56.243387 43.964767
56.243477 43.964778
56.243573 43.964788
56.24368 43.964803
56.243783 43.964838
56.24391 43.964883
56.244038 43.964937
56.244167 43.964988
56.24431 43.965052
56.244455 43.965102
56.244615 43.965163
56.244765 43.965228
56.244923 43.965355
56.245082 43.965425
56.245248 43.965498
56.245423 43.965575
56.245598 43.965653
56.245787 43.965737
56.245955 43.965812
56.246132 43.965888
56.24629 43.965958
56.246512 43.96607
56.246707 43.966162
56.246902 43.966258
56.2471 43.966347
56.247288 43.966448
56.247488 43.966542
56.24769 43.966637
56.247893 43.966725
56.248097 43.966813
56.248295 43.966908
56.248492 43.966992
56.248692 43.96708
56.248888 43.967167
56.249078 43.967252
56.24927 43.96735
56.249467 43.967462
56.249652 43.967552
56.24984 43.967638
56.25003 43.96772
56.250208 43.96782
56.250388 43.967907
56.250575 43.967987
56.250753 43.96807
56.25093 43.968163
56.251113 43.968252
56.251297 43.968338
56.25148 43.96842
56.251668 43.968508
56.251853 43.968593
56.252043 43.968677
56.252232 43.968763
56.252427 43.968837
56.252605 43.968942
56.252785 43.96903
56.25297 43.969103
56.253145 43.969215
56.253323 43.969305
56.2535 43.9694
56.253675 43.969488
56.25384 43.969588
56.254015 43.9697
56.25418 43.969798
56.254342 43.969898
56.254502 43.970003
56.254663 43.970133
56.254822 43.970272
56.254982 43.970375
56.255138 43.970478
56.255295 43.97056
56.255457 43.97063
56.255618 43.970707
56.255793 43.970762
56.25597 43.970802
56.256142 43.970853
56.256313 43.970907
56.256473 43.970998
56.256648 43.971092
56.256817 43.971177
56.256993 43.971257
56.257173 43.971343
56.257348 43.971433
56.257527 43.971527
56.257703 43.971617
56.257885 43.971698
56.258063 43.971783
56.258248 43.971883
56.258433 43.97198
56.258612 43.97208
56.258797 43.972173
56.258982 43.97227
56.259165 43.972362
56.259353 43.97245
56.259542 43.972548
56.259733 43.972657
56.259915 43.972778
56.260105 43.972907
56.260297 43.973023
56.260487 43.973152
56.260675 43.973278
56.260867 43.973402
56.26106 43.973493
56.261255 43.973582
56.261452 43.973657
56.261655 43.973728
56.261867 43.973802
56.262073 43.973863
56.262275 43.973917
56.262483 43.97397
56.262677 43.97404
56.262865 43.9741
56.263058 43.974152
56.26325 43.974203
56.263437 43.97425
56.263622 43.974293
56.263802 43.974362
56.263968 43.974405
56.264122 43.974477
56.264285 43.974525
56.264432 43.974582
56.264583 43.974612
56.264732 43.974648
56.264873 43.974677
56.265022 43.974697
56.265152 43.97473
56.26528 43.974772
56.265413 43.974795
56.265542 43.974832
56.26567 43.974873
56.265763 43.974898
56.265867 43.97493
56.265973 43.974955
56.266065 43.975007
56.26616 43.97505
56.2663 43.975083
56.266425 43.975125
56.26657 43.975152
56.266723 43.9752
56.266872 43.97524
56.267043 43.975285
56.267228 43.975312
56.267412 43.97535
56.267592 43.975375
56.26777 43.975415
56.267955 43.975462
56.268127 43.97551
56.268302 43.975553
56.268467 43.975593
56.268625 43.975637
56.268788 43.975697
56.268945 43.97574
56.269098 43.975777
56.269247 43.975823
56.269377 43.975862
56.269513 43.9759
56.269645 43.975935
56.269773 43.975962
56.269908 43.976
56.270025 43.976025
56.270153 43.976055
56.270267 43.976073
56.27037 43.976095
56.270477 43.976113
56.270578 43.976132
56.270678 43.976168
56.270782 43.976192
56.270842 43.976208
56.270912 43.976217
56.27098 43.976235
56.271045 43.976245
56.27111 43.976257
56.271192 43.976273
56.271283 43.976292
56.271392 43.976312
56.271515 43.976333
56.271647 43.97636
56.271782 43.97639
56.271925 43.976415
56.272082 43.976438
56.272235 43.976455
56.272577 43.976525
56.27277 43.976568
56.272958 43.976602
56.273152 43.976642
56.273353 43.9767
56.273558 43.976762
56.27377 43.97684
56.27392 43.976947
56.274098 43.977068
56.27426 43.97716
56.274435 43.977262
56.274605 43.977353
56.274765 43.977445
56.274915 43.977533
56.275057 43.977618
56.275187 43.9777
56.275323 43.977775
56.275453 43.977847
56.275572 43.977912
56.275687 43.977975
56.275793 43.978033
56.275897 43.978092
56.275993 43.978145
56.276102 43.978203
56.276217 43.978267
56.27634 43.978335
56.27647 43.978407
56.276593 43.97847
56.276712 43.978533
56.276827 43.9786
56.276942 43.978663
56.27704 43.978722
56.277132 43.978772
56.27724 43.97883
56.27732 43.978875
56.277392 43.978915
56.27747 43.978957
56.277537 43.978993
56.277605 43.979032
56.277692 43.97908
56.2778 43.979137
56.277927 43.979202
56.278055 43.979272
56.278187 43.979347
56.278337 43.97943
56.278498 43.979517
56.278673 43.979613
56.278853 43.979698
56.279032 43.979787
56.279217 43.979875
56.279397 43.979962
56.279585 43.980062
56.279772 43.980145
56.279957 43.980232
56.280128 43.980312
56.280325 43.9804
56.280513 43.980472
56.2807 43.9805
56.280892 43.980532
56.281083 43.980558
56.281278 43.980595
56.281463 43.980595
56.281647 43.980613
56.281838 43.980632
56.28205 43.980672
56.282248 43.980683
56.282468 43.980713
56.282678 43.980747
56.282888 43.98078
56.283088 43.980812
56.283298 43.980845
56.283502 43.980877
56.2837 43.980908
56.283897 43.98094
56.284078 43.980968
56.284258 43.980997
56.284432 43.981023
56.284613 43.981052
56.284777 43.981075
56.284958 43.981102
56.285133 43.981128
56.285317 43.981153
56.285502 43.981175
56.285688 43.981193
56.285882 43.981158
56.286087 43.98118
56.286293 43.981182
56.28651 43.981193
56.286715 43.981207
56.286925 43.981217
56.287137 43.981225
56.287348 43.981228
56.287552 43.98123
56.287757 43.981243
56.287972 43.981268
56.288193 43.981303
56.288405 43.98132
56.288622 43.981332
56.288837 43.98134
56.28905 43.981353
56.289265 43.981378
56.289478 43.981397
56.289697 43.981425
56.289903 43.981448
56.290107 43.981487
56.290305 43.981532
56.290485 43.981582
56.290647 43.981633
56.290795 43.981687
56.290925 43.981713
56.291042 43.981772
56.291135 43.98183
56.291237 43.981883
56.291307 43.981907
56.291365 43.981928
56.2914 43.981953
56.291432 43.981967
56.291453 43.98197
56.29147 43.981982
56.291478 43.981988
56.29149 43.981988
56.29149 43.981988
56.29149 43.981988
56.29149 43.981988
56.29149 43.981988
56.29149 43.981988
56.29149 43.981988
56.29149 43.981988
56.29149 43.981988
56.29149 43.981988
56.29149 43.981988
56.29149 43.981988
56.29149 43.981988
56.29149 43.981988
56.29149 43.981988
56.29149 43.981988
56.29149 43.981988
56.29149 43.981988
56.29149 43.981988
56.29149 43.981988
56.29149 43.981988
56.29149 43.981988
56.29149 43.981988
56.29149 43.981988
56.29149 43.981988
56.29149 43.981988
56.29149 43.981988
56.29149 43.981988
56.29149 43.981988
56.29149 43.981988
56.29149 43.981988
56.29149 43.981988
56.29149 43.981988
56.29149 43.981988
56.29149 43.981988
56.29149 43.981988
56.29149 43.981988
56.29149 43.981988
56.29149 43.981988
56.291525 43.982038
56.291582 43.982063
56.291668 43.982085
56.291758 43.982098
56.29187 43.982122
56.291977 43.982163
56.292085 43.982202
56.292223 43.98222
56.292348 43.982262
56.292497 43.982302
56.292647 43.982363
56.2928 43.982427
56.292965 43.982483
56.293135 43.982545
56.293325 43.982603
56.293523 43.982658
56.293917 43.982797
56.294123 43.982868
56.294355 43.983045
56.294572 43.983107
56.294785 43.983192
56.294993 43.98326
56.295207 43.983333
56.295435 43.983433
56.295658 43.983517
56.295872 43.98359
56.296085 43.983655
56.296297 43.983727
56.296505 43.983793
56.296708 43.98386
56.296902 43.983915
56.297087 43.983965
56.297418 43.984023
56.297563 43.984032
56.297685 43.98403
56.29779 43.984037
56.297882 43.984042
56.297963 43.984045
56.298043 43.984045
56.29812 43.984053
56.298192 43.984057
56.298267 43.984062
56.298328 43.984062
56.298382 43.984062
56.298427 43.984065
56.298463 43.984065
56.298492 43.984065
56.298513 43.984063
56.298532 43.98407
56.29854 43.984068
56.29854 43.984072
56.298533 43.98407
56.298537 43.98407
56.298538 43.984073
56.29854 43.984073
56.298545 43.984072
56.298567 43.984065
56.298585 43.984068
56.298623 43.984058
56.298673 43.984052
56.298725 43.984042
56.298785 43.984037
56.298858 43.98404
56.298962 43.984082
56.299173 43.98412
56.299275 43.984128
56.299383 43.984145
56.299505 43.984173
56.299618 43.984183
56.299743 43.984193
56.299865 43.984203
56.300002 43.984213
56.300143 43.984225
56.300293 43.984238
56.300438 43.984245
56.300593 43.984247
56.300747 43.984235
56.30091 43.984232
56.301077 43.984245
56.301237 43.98426
56.301412 43.984277
56.30174 43.984308
56.301962 43.98433
56.302135 43.984347
56.30233 43.984377
56.302527 43.98442
56.302713 43.984453
56.302915 43.984473
56.303102 43.98449
56.303288 43.98451
56.30345 43.984523
56.303627 43.98454
56.303807 43.984557
56.303983 43.984572
56.304145 43.984588
56.304313 43.984618
56.304482 43.98466
56.304793 43.984762
56.304953 43.98481
56.305092 43.984845
56.305232 43.984878
56.305372 43.984912
56.305493 43.98494
56.305612 43.984968
56.305722 43.984993
56.305808 43.985013
56.305895 43.985033
56.305968 43.985048
56.306093 43.985072
56.30613 43.985078
56.306145 43.985082
56.306165 43.985085
56.306183 43.985087
56.306207 43.985092
56.306215 43.985093
56.306278 43.98509
56.306325 43.985083
56.306343 43.98508
56.306448 43.985107
56.306518 43.985375
56.306505 43.98548
56.3065 43.985527
56.306493 43.985588
56.306482 43.985698
56.306472 43.985798
56.30646 43.985903
56.306442 43.986083
56.30643 43.986205
56.306418 43.986313
56.30639 43.986593
56.306373 43.986755
56.30634 43.987095
56.306327 43.987232
56.306317 43.987332
56.306313 43.987378
56.306308 43.987427
56.306303 43.987475
56.3063 43.987507
56.3063 43.987507
56.306282 43.9877
56.306283 43.987698
56.306257 43.987992
56.306243 43.988148
56.306227 43.98833
56.306213 43.988495
56.306197 43.988677
56.30618 43.988868
56.306168 43.988995
56.306148 43.989248
56.306128 43.989482
56.306112 43.989682
56.306095 43.989882
56.306097 43.99012
56.3061 43.990338
56.306103 43.990533
56.306108 43.990738
56.306112 43.990938
56.306115 43.99114
56.306118 43.991345
56.306122 43.991565
56.306162 43.991777
56.306168 43.991995
56.306173 43.992238
56.306143 43.992637
56.306148 43.992838
56.306152 43.993033
56.306157 43.993228
56.306162 43.993427
56.306167 43.993628
56.306172 43.993827
56.306182 43.994033
56.306195 43.994243
56.306208 43.994438
56.306222 43.994635
56.306233 43.994828
56.306247 43.995013
56.30627 43.995368
56.306282 43.995547
56.306293 43.995723
56.306307 43.9959
56.306318 43.996078
56.306332 43.99627
56.306345 43.996455
56.306358 43.996638
56.306383 43.996808
56.306403 43.996952
56.306418 43.997053
56.306442 43.997208
56.306462 43.997342
56.30648 43.997468
56.3065 43.9976
56.30652 43.997732
56.30654 43.997865
56.30656 43.998003
56.306582 43.998147
56.306602 43.998292
56.306623 43.998437
56.306733 43.998587
56.306815 43.998657
56.306903 43.998735
56.30699 43.998808
56.3071 43.998907
56.307212 43.999005
56.307262 43.999048
56.307413 43.999187
56.307505 43.999272
56.307592 43.99935
56.30771 43.999458
56.307732 43.999497
56.30779 43.999687
56.307835 43.999845
56.307878 44.000003
56.307925 44.000175
56.307972 44.000338
56.308018 44.000508
56.308063 44.000672
56.308102 44.000808
56.308148 44.000982
56.30819 44.001137
56.308217 44.001243
56.308273 44.001475
56.30832 44.001662
56.30836 44.001842
56.3084 44.002048
56.308437 44.002253
56.308467 44.00246
56.308495 44.002677
56.308525 44.002905
56.308582 44.003357
56.30861 44.003582
56.308637 44.00376
56.308693 44.004038
56.30879 44.004475
56.308845 44.00467
56.308908 44.004857
56.308972 44.005022
56.309032 44.005177
56.30908 44.005298
56.309122 44.005405
56.309157 44.005492
56.309185 44.005567
56.309213 44.00564
56.309238 44.005703
56.30926 44.005757
56.309278 44.005805
56.309293 44.005843
56.3093 44.00586
56.309302 44.005865
56.309303 44.005867
56.309305 44.005873
56.309305 44.005873
56.309303 44.005868
56.309303 44.005867
56.309303 44.005867
56.309303 44.005867
56.309305 44.00587
56.309303 44.005867
56.309305 44.005872
56.309312 44.005892
56.30933 44.005937
56.309353 44.005995
56.309375 44.006048
56.30939 44.00609
56.309405 44.006127
56.309515 44.006017
56.309573 44.005955
56.309635 44.005893
56.309705 44.005823
56.309783 44.005743
56.309832 44.005693
56.309977 44.005545
56.310097 44.005422
56.310208 44.005307
56.310328 44.005185
56.310433 44.005078
56.310548 44.004962
56.31066 44.00485
56.310763 44.004752
56.310872 44.004648
56.310982 44.004545
56.311082 44.00445
56.311185 44.004353
56.311287 44.004258
56.31136 44.004187
56.311525 44.00403
56.311668 44.003895
56.311795 44.003775
56.311832 44.00374
56.311835 44.003737
56.311835 44.003737
56.31199 44.003573
56.311997 44.003567
56.311997 44.003568
56.311997 44.003568
56.311997 44.003568
56.311997 44.003568
56.31212 44.003433
